-100 0 200
-100 200 200
100 0 200
-100 200 200
100 200 200
100 0 200
100 0 200
100 200 200
100 0 400
100 200 200
100 200 400
100 0 400
100 0 400
100 200 400
-100 0 400
100 200 400
-100 200 400
-100 0 400
-100 0 400
-100 200 400
-100 0 200
-100 200 400
-100 200 200
-100 0 200
-100 200 200
-50 250 250
100 200 200
-50 250 250
0 300 300
100 200 200
100 200 200
50 250 250
100 200 400
50 250 250
0 300 300
100 200 400
100 200 400
50 250 350
-100 200 400
50 250 350
0 300 300
-100 200 400
-100 200 400
-50 250 350
-100 200 200
-50 250 350
0 300 300
-100 200 200
-100 0 400
-100 0 200
100 0 400
-100 0 200
100 0 200
100 0 400
